{
 "cells": [
  {
   "cell_type": "code",
   "execution_count": 1,
   "metadata": {},
   "outputs": [],
   "source": [
    "import pandas as pd\n",
    "import numpy as np\n",
    "import os\n",
    "import json\n",
    "import matplotlib.pyplot as plt\n",
    "%matplotlib inline\n",
    "\n",
    "import statsmodels.api as sm\n",
    "\n",
    "from sklearn.decomposition import PCA, KernelPCA \n",
    "# pca = PCA(n_components=1)\n",
    "# pca.fit(X)\n",
    "# pca.fit_transform(X)\n",
    "# pca.explained_variance_ratio_\n",
    "# pca.transform(X)\n",
    "\n",
    "# KernelPCA(kernel : “linear” | “poly” | “rbf” | “sigmoid” | “cosine” | “precomputed”)\n",
    "\n",
    "from sklearn import preprocessing\n",
    "# scaler = preprocessing.StandardScaler().fit(X)\n",
    "# scaler.transform(X) \n",
    "\n",
    "# min_max_scaler = preprocessing.MinMaxScaler()\n",
    "# X_train_minmax = min_max_scaler.fit_transform(X_train)\n",
    "# X_test_minmax = min_max_scaler.transform(X_test)\n",
    "\n",
    "def minmaxscaler_for_train(factor, std = 3):\n",
    "    factorInfor = pd.DataFrame(index=['mean', 'std', 'up', 'down', 'min', 'max'], columns=factor.columns)\n",
    "    \n",
    "    factor_mean = factor.mean()\n",
    "    factor_std = factor.std()\n",
    "    factorInfor.loc['mean'] = factor_mean\n",
    "    factorInfor.loc['std'] = factor_std\n",
    "    \n",
    "    factor_max = factor.max()\n",
    "    factor_min = factor.min()\n",
    "    factorInfor.loc['min'] = factor_min\n",
    "    factorInfor.loc['max'] = factor_max\n",
    "    \n",
    "    factor_normal = pd.DataFrame(index=factor.index, columns=factor.columns) \n",
    "    for column in factor.columns:\n",
    "        fac = factor[column].copy()\n",
    "        fac_max = factor_max[column]\n",
    "        fac_min = factor_min[column]\n",
    "        factor_normal.loc[:, column] = (fac - fac_min) / (fac_max - fac_min)\n",
    "    \n",
    "    return factor_normal, factorInfor\n",
    "\n",
    "def minmaxscaler_for_test(factor, factorInfor):\n",
    "    factor_min = factorInfor.loc['min']\n",
    "    factor_max = factorInfor.loc['max']\n",
    "    \n",
    "    factor_normal = pd.DataFrame(index=factor.index, columns=factor.columns) \n",
    "    for column in factor.columns:\n",
    "        fac = factor[column].copy()\n",
    "        fac_max = factor_max[column]\n",
    "        fac_min = factor_min[column]\n",
    "        factor_normal.loc[:, column] = (fac - fac_min) / (fac_max - fac_min)\n",
    "    \n",
    "    return factor_normal\n",
    "\n",
    "def normalization_for_train(factor, std = 3):\n",
    "    factorInfor = pd.DataFrame(index=['mean', 'std', 'min', 'max'], columns=factor.columns)\n",
    "    \n",
    "    factor_mean = factor.mean()\n",
    "    factor_std = factor.std()\n",
    "    factorInfor.loc['mean'] = factor_mean\n",
    "    factorInfor.loc['std'] = factor_std\n",
    "    \n",
    "    factor_max = factor.max()\n",
    "    factor_min = factor.min()\n",
    "    factorInfor.loc['min'] = factor_min\n",
    "    factorInfor.loc['max'] = factor_max\n",
    "\n",
    "    factor_normal = pd.DataFrame(index=factor.index, columns=factor.columns) \n",
    "    for column in factor.columns:\n",
    "        fac = factor[column].copy()\n",
    "        fac_mean = factor_mean[column]\n",
    "        fac_std = factor_std[column]\n",
    "        factor_normal[column] = (fac - fac_mean) / fac_std\n",
    "    \n",
    "    return factor_normal, factorInfor\n",
    "\n",
    "def normalization_for_test(factor, factorInfor):\n",
    "    factor_mean = factorInfor.loc['mean']\n",
    "    factor_std = factorInfor.loc['std']\n",
    "    \n",
    "    factor_normal = pd.DataFrame(index=factor.index, columns=factor.columns) \n",
    "    for column in factor.columns:\n",
    "        fac = factor[column].copy()\n",
    "        fac_mean = factor_mean[column]\n",
    "        fac_std = factor_std[column]\n",
    "        factor_normal[column] = (fac - fac_mean) / fac_std\n",
    "    \n",
    "    return factor_normal"
   ]
  },
  {
   "cell_type": "code",
   "execution_count": 2,
   "metadata": {},
   "outputs": [],
   "source": [
    "import statsmodels.api as sm\n",
    "\n",
    "def backward_selected_base_pvalue(data, response, threshold_out = 0.10):\n",
    "    \"\"\"Linear model designed by back selection.\n",
    "\n",
    "    Parameters:\n",
    "    -----------\n",
    "    data : pandas DataFrame with all possible predictors and response\n",
    "\n",
    "    response: string, name of response column in data\n",
    "\n",
    "    Returns:\n",
    "    --------\n",
    "    model: an \"optimal\" fitted statsmodels linear model\n",
    "           with an intercept\n",
    "           selected by back selection\n",
    "           evaluated by p-value\n",
    "    \"\"\"\n",
    "    step = pd.DataFrame(columns=['feature', 'AdjR2', 'pvalues'])\n",
    "    Y = data[response]\n",
    "    \n",
    "    selected = list(set(data.columns))\n",
    "    selected.remove(response)\n",
    "    remaining = []\n",
    "    \n",
    "    best_model = sm.OLS(Y, data[selected]).fit()\n",
    "    best_score = best_model.rsquared_adj\n",
    "    while True:\n",
    "        changed = False\n",
    "        pvalues = best_model.pvalues\n",
    "        worst_pvalues = pvalues.max()\n",
    "        \n",
    "        if worst_pvalues > threshold_out:\n",
    "            changed = True\n",
    "            candidate_index = pvalues.values.argmax()\n",
    "            candidate = pvalues.index[candidate_index]\n",
    "            remaining.append(candidate)\n",
    "            selected.remove(candidate)\n",
    "            \n",
    "            best_model = sm.OLS(Y, data[selected]).fit()\n",
    "            best_score = best_model.rsquared_adj\n",
    "            print(\"Score\", best_score, \"\\tp-value: \", worst_pvalues, \"\\tRemove feature: \", candidate)\n",
    "            step.loc['step' + str(len(remaining))] = [\n",
    "                candidate, best_score, worst_pvalues\n",
    "            ]\n",
    "        if not changed:\n",
    "            break\n",
    "            \n",
    "    model = sm.OLS(Y, data[selected]).fit()\n",
    "    return model, selected, step\n",
    "#     return model, selected"
   ]
  },
  {
   "cell_type": "code",
   "execution_count": 3,
   "metadata": {},
   "outputs": [],
   "source": [
    "begin_date = pd.Timestamp(\"1980-01-30\")\n",
    "end_date = pd.Timestamp(\"2009-12-01\")\n",
    "datapath = \"../data\"\n",
    "rawpath = \"../data/raw\"\n",
    "\n",
    "LogExcessReturn = pd.read_csv(os.path.join(datapath, \"log_excess_return.csv\"))\n",
    "LogExcessReturn = LogExcessReturn.set_index(\"Date\")\n",
    "LogExcessReturn.index = pd.to_datetime(LogExcessReturn.index)\n",
    "LogExcessReturn = LogExcessReturn.loc[begin_date: end_date]\n",
    "\n",
    "\n",
    "dfFactor = pd.read_csv(os.path.join(datapath, \"dfFactor.csv\"))\n",
    "dfFactor = dfFactor.set_index(\"Date\")\n",
    "dfFactor.index = pd.to_datetime(dfFactor.index)\n",
    "dfFactor = dfFactor.rename({\"Amihud liquidity\": \"AmihudLiq\",\n",
    "                       \"Mkt-RF\": \"MktRF\",\n",
    "                       \"BWSENT^\": \"BWSENTcoth\"}, axis = 1)\n",
    "\n",
    "pcaFactor = pd.read_csv(os.path.join(datapath, \"pcaFactor.csv\"))\n",
    "pcaFactor = pcaFactor.set_index(\"Date\")\n",
    "pcaFactor.index = pd.to_datetime(pcaFactor.index)\n",
    "pcaFactor = pcaFactor.rename({\"Size/BM\": \"SizeBM\",\n",
    "                       \"Prices,Yield,Dividends(PYD)\": \"PYD\",\n",
    "                       \"RiskFactors(RiF)\": \"RiF\"}, axis = 1)\n"
   ]
  },
  {
   "cell_type": "markdown",
   "metadata": {},
   "source": [
    "# 全样本回归"
   ]
  },
  {
   "cell_type": "code",
   "execution_count": 4,
   "metadata": {},
   "outputs": [
    {
     "data": {
      "text/plain": [
       "Index(['yr2', 'yr3', 'yr4', 'yr5'], dtype='object')"
      ]
     },
     "execution_count": 4,
     "metadata": {},
     "output_type": "execute_result"
    }
   ],
   "source": [
    "LogExcessReturn.columns"
   ]
  },
  {
   "cell_type": "markdown",
   "metadata": {},
   "source": [
    "### 特征选择 backward selection"
   ]
  },
  {
   "cell_type": "code",
   "execution_count": 5,
   "metadata": {
    "scrolled": true
   },
   "outputs": [
    {
     "name": "stdout",
     "output_type": "stream",
     "text": [
      "Score 0.6862492926919586 \tp-value:  0.9961482140113873 \tRemove feature:  tech_class9\n",
      "Score 0.6872257451190825 \tp-value:  0.974964755935479 \tRemove feature:  RV\n",
      "Score 0.6881930955811819 \tp-value:  0.9488853573322379 \tRemove feature:  AggLiq\n",
      "Score 0.6891511182344352 \tp-value:  0.9306448129092415 \tRemove feature:  tech_class2\n",
      "Score 0.6900964847750108 \tp-value:  0.9037769594721988 \tRemove feature:  output_and_income\n",
      "Score 0.6910377750170029 \tp-value:  0.9097953515642735 \tRemove feature:  money\n",
      "Score 0.6919458958382522 \tp-value:  0.838128120464851 \tRemove feature:  CMA\n",
      "Score 0.6928194589324529 \tp-value:  0.7876000720615823 \tRemove feature:  tech_class1\n",
      "Score 0.6936768295620835 \tp-value:  0.7714469743136521 \tRemove feature:  RiF\n",
      "Score 0.6944785448909313 \tp-value:  0.7095834084566628 \tRemove feature:  tech_class0\n",
      "Score 0.6952458115786588 \tp-value:  0.6792645183127843 \tRemove feature:  SizeBM\n",
      "Score 0.6958942222175837 \tp-value:  0.586927976374538 \tRemove feature:  bond_ex\n",
      "Score 0.6964026043299114 \tp-value:  0.5051902807401409 \tRemove feature:  tech_class3\n",
      "Score 0.6969814290386798 \tp-value:  0.546090355905729 \tRemove feature:  CLI_allPca\n",
      "Score 0.697511763928842 \tp-value:  0.5196638270392758 \tRemove feature:  InnovLiq\n",
      "Score 0.6979659025670029 \tp-value:  0.4812905286018856 \tRemove feature:  tech_class7\n",
      "Score 0.698367239812926 \tp-value:  0.45740063673406295 \tRemove feature:  RJ\n",
      "Score 0.698756209774891 \tp-value:  0.45261014073347006 \tRemove feature:  tech_class8\n",
      "Score 0.6989962717303566 \tp-value:  0.39328082569714196 \tRemove feature:  TradedLiq\n",
      "Score 0.6990256987552999 \tp-value:  0.3261682643512357 \tRemove feature:  AmihudLiq\n",
      "Score 0.6980265093794387 \tp-value:  0.1454846457628819 \tRemove feature:  SMB\n",
      "Score 0.6971227753475606 \tp-value:  0.15610143695511297 \tRemove feature:  RMW\n",
      "\n",
      "Features:\n",
      "['tech_class4', 'consumption', 'tech_class6', 'BWSENT', 'stock', 'MktRF', 'Industries', 'labor_market', 'CLI', 'HML', 'price', 'housing', 'BWSENTcoth', 'BV', 'CP', 'tech_class5', 'PYD', 'RF']\n"
     ]
    },
    {
     "data": {
      "text/html": [
       "<table class=\"simpletable\">\n",
       "<caption>OLS Regression Results</caption>\n",
       "<tr>\n",
       "  <th>Dep. Variable:</th>           <td>yr2</td>       <th>  R-squared:         </th> <td>   0.712</td>\n",
       "</tr>\n",
       "<tr>\n",
       "  <th>Model:</th>                   <td>OLS</td>       <th>  Adj. R-squared:    </th> <td>   0.697</td>\n",
       "</tr>\n",
       "<tr>\n",
       "  <th>Method:</th>             <td>Least Squares</td>  <th>  F-statistic:       </th> <td>   46.91</td>\n",
       "</tr>\n",
       "<tr>\n",
       "  <th>Date:</th>             <td>Mon, 17 Dec 2018</td> <th>  Prob (F-statistic):</th> <td>8.22e-81</td>\n",
       "</tr>\n",
       "<tr>\n",
       "  <th>Time:</th>                 <td>10:09:38</td>     <th>  Log-Likelihood:    </th> <td> -549.21</td>\n",
       "</tr>\n",
       "<tr>\n",
       "  <th>No. Observations:</th>      <td>   359</td>      <th>  AIC:               </th> <td>   1134.</td>\n",
       "</tr>\n",
       "<tr>\n",
       "  <th>Df Residuals:</th>          <td>   341</td>      <th>  BIC:               </th> <td>   1204.</td>\n",
       "</tr>\n",
       "<tr>\n",
       "  <th>Df Model:</th>              <td>    18</td>      <th>                     </th>     <td> </td>   \n",
       "</tr>\n",
       "<tr>\n",
       "  <th>Covariance Type:</th>      <td>nonrobust</td>    <th>                     </th>     <td> </td>   \n",
       "</tr>\n",
       "</table>\n",
       "<table class=\"simpletable\">\n",
       "<tr>\n",
       "        <td></td>          <th>coef</th>     <th>std err</th>      <th>t</th>      <th>P>|t|</th>  <th>[0.025</th>    <th>0.975]</th>  \n",
       "</tr>\n",
       "<tr>\n",
       "  <th>tech_class4</th>  <td>   -2.6122</td> <td>    0.973</td> <td>   -2.686</td> <td> 0.008</td> <td>   -4.525</td> <td>   -0.699</td>\n",
       "</tr>\n",
       "<tr>\n",
       "  <th>consumption</th>  <td>   -1.7086</td> <td>    0.535</td> <td>   -3.193</td> <td> 0.002</td> <td>   -2.761</td> <td>   -0.656</td>\n",
       "</tr>\n",
       "<tr>\n",
       "  <th>tech_class6</th>  <td>    6.7756</td> <td>    0.983</td> <td>    6.892</td> <td> 0.000</td> <td>    4.842</td> <td>    8.709</td>\n",
       "</tr>\n",
       "<tr>\n",
       "  <th>BWSENT</th>       <td>    6.1792</td> <td>    1.262</td> <td>    4.895</td> <td> 0.000</td> <td>    3.696</td> <td>    8.662</td>\n",
       "</tr>\n",
       "<tr>\n",
       "  <th>stock</th>        <td>   -3.5906</td> <td>    0.842</td> <td>   -4.266</td> <td> 0.000</td> <td>   -5.246</td> <td>   -1.935</td>\n",
       "</tr>\n",
       "<tr>\n",
       "  <th>MktRF</th>        <td>    2.8450</td> <td>    0.833</td> <td>    3.414</td> <td> 0.001</td> <td>    1.206</td> <td>    4.484</td>\n",
       "</tr>\n",
       "<tr>\n",
       "  <th>Industries</th>   <td>    3.2748</td> <td>    1.240</td> <td>    2.641</td> <td> 0.009</td> <td>    0.836</td> <td>    5.714</td>\n",
       "</tr>\n",
       "<tr>\n",
       "  <th>labor_market</th> <td>   -0.9706</td> <td>    0.505</td> <td>   -1.923</td> <td> 0.055</td> <td>   -1.963</td> <td>    0.022</td>\n",
       "</tr>\n",
       "<tr>\n",
       "  <th>CLI</th>          <td>   -0.9289</td> <td>    0.561</td> <td>   -1.656</td> <td> 0.099</td> <td>   -2.032</td> <td>    0.174</td>\n",
       "</tr>\n",
       "<tr>\n",
       "  <th>HML</th>          <td>    1.0712</td> <td>    0.507</td> <td>    2.111</td> <td> 0.035</td> <td>    0.073</td> <td>    2.069</td>\n",
       "</tr>\n",
       "<tr>\n",
       "  <th>price</th>        <td>    3.9635</td> <td>    0.400</td> <td>    9.898</td> <td> 0.000</td> <td>    3.176</td> <td>    4.751</td>\n",
       "</tr>\n",
       "<tr>\n",
       "  <th>housing</th>      <td>   -3.2120</td> <td>    0.576</td> <td>   -5.581</td> <td> 0.000</td> <td>   -4.344</td> <td>   -2.080</td>\n",
       "</tr>\n",
       "<tr>\n",
       "  <th>BWSENTcoth</th>   <td>   -7.0935</td> <td>    1.417</td> <td>   -5.005</td> <td> 0.000</td> <td>   -9.881</td> <td>   -4.306</td>\n",
       "</tr>\n",
       "<tr>\n",
       "  <th>BV</th>           <td>   -1.1472</td> <td>    0.507</td> <td>   -2.262</td> <td> 0.024</td> <td>   -2.145</td> <td>   -0.150</td>\n",
       "</tr>\n",
       "<tr>\n",
       "  <th>CP</th>           <td>    4.7838</td> <td>    0.686</td> <td>    6.968</td> <td> 0.000</td> <td>    3.434</td> <td>    6.134</td>\n",
       "</tr>\n",
       "<tr>\n",
       "  <th>tech_class5</th>  <td>   -2.8542</td> <td>    1.310</td> <td>   -2.179</td> <td> 0.030</td> <td>   -5.430</td> <td>   -0.278</td>\n",
       "</tr>\n",
       "<tr>\n",
       "  <th>PYD</th>          <td>   -1.3601</td> <td>    0.764</td> <td>   -1.781</td> <td> 0.076</td> <td>   -2.862</td> <td>    0.142</td>\n",
       "</tr>\n",
       "<tr>\n",
       "  <th>RF</th>           <td>   -3.4487</td> <td>    0.614</td> <td>   -5.616</td> <td> 0.000</td> <td>   -4.657</td> <td>   -2.241</td>\n",
       "</tr>\n",
       "</table>\n",
       "<table class=\"simpletable\">\n",
       "<tr>\n",
       "  <th>Omnibus:</th>       <td> 1.019</td> <th>  Durbin-Watson:     </th> <td>   0.603</td>\n",
       "</tr>\n",
       "<tr>\n",
       "  <th>Prob(Omnibus):</th> <td> 0.601</td> <th>  Jarque-Bera (JB):  </th> <td>   0.844</td>\n",
       "</tr>\n",
       "<tr>\n",
       "  <th>Skew:</th>          <td> 0.111</td> <th>  Prob(JB):          </th> <td>   0.656</td>\n",
       "</tr>\n",
       "<tr>\n",
       "  <th>Kurtosis:</th>      <td> 3.083</td> <th>  Cond. No.          </th> <td>    57.4</td>\n",
       "</tr>\n",
       "</table><br/><br/>Warnings:<br/>[1] Standard Errors assume that the covariance matrix of the errors is correctly specified."
      ],
      "text/plain": [
       "<class 'statsmodels.iolib.summary.Summary'>\n",
       "\"\"\"\n",
       "                            OLS Regression Results                            \n",
       "==============================================================================\n",
       "Dep. Variable:                    yr2   R-squared:                       0.712\n",
       "Model:                            OLS   Adj. R-squared:                  0.697\n",
       "Method:                 Least Squares   F-statistic:                     46.91\n",
       "Date:                Mon, 17 Dec 2018   Prob (F-statistic):           8.22e-81\n",
       "Time:                        10:09:38   Log-Likelihood:                -549.21\n",
       "No. Observations:                 359   AIC:                             1134.\n",
       "Df Residuals:                     341   BIC:                             1204.\n",
       "Df Model:                          18                                         \n",
       "Covariance Type:            nonrobust                                         \n",
       "================================================================================\n",
       "                   coef    std err          t      P>|t|      [0.025      0.975]\n",
       "--------------------------------------------------------------------------------\n",
       "tech_class4     -2.6122      0.973     -2.686      0.008      -4.525      -0.699\n",
       "consumption     -1.7086      0.535     -3.193      0.002      -2.761      -0.656\n",
       "tech_class6      6.7756      0.983      6.892      0.000       4.842       8.709\n",
       "BWSENT           6.1792      1.262      4.895      0.000       3.696       8.662\n",
       "stock           -3.5906      0.842     -4.266      0.000      -5.246      -1.935\n",
       "MktRF            2.8450      0.833      3.414      0.001       1.206       4.484\n",
       "Industries       3.2748      1.240      2.641      0.009       0.836       5.714\n",
       "labor_market    -0.9706      0.505     -1.923      0.055      -1.963       0.022\n",
       "CLI             -0.9289      0.561     -1.656      0.099      -2.032       0.174\n",
       "HML              1.0712      0.507      2.111      0.035       0.073       2.069\n",
       "price            3.9635      0.400      9.898      0.000       3.176       4.751\n",
       "housing         -3.2120      0.576     -5.581      0.000      -4.344      -2.080\n",
       "BWSENTcoth      -7.0935      1.417     -5.005      0.000      -9.881      -4.306\n",
       "BV              -1.1472      0.507     -2.262      0.024      -2.145      -0.150\n",
       "CP               4.7838      0.686      6.968      0.000       3.434       6.134\n",
       "tech_class5     -2.8542      1.310     -2.179      0.030      -5.430      -0.278\n",
       "PYD             -1.3601      0.764     -1.781      0.076      -2.862       0.142\n",
       "RF              -3.4487      0.614     -5.616      0.000      -4.657      -2.241\n",
       "==============================================================================\n",
       "Omnibus:                        1.019   Durbin-Watson:                   0.603\n",
       "Prob(Omnibus):                  0.601   Jarque-Bera (JB):                0.844\n",
       "Skew:                           0.111   Prob(JB):                        0.656\n",
       "Kurtosis:                       3.083   Cond. No.                         57.4\n",
       "==============================================================================\n",
       "\n",
       "Warnings:\n",
       "[1] Standard Errors assume that the covariance matrix of the errors is correctly specified.\n",
       "\"\"\""
      ]
     },
     "execution_count": 5,
     "metadata": {},
     "output_type": "execute_result"
    }
   ],
   "source": [
    "Yname = \"yr2\"\n",
    "\n",
    "Factor = pd.concat([dfFactor, pcaFactor], axis=1)\n",
    "Factor_normal, _ = minmaxscaler_for_train(Factor)\n",
    "Factor_normal[Yname] = LogExcessReturn[Yname]\n",
    "\n",
    "model, features, step = backward_selected_base_pvalue(Factor_normal, Yname)\n",
    "print(\"\\nFeatures:\")\n",
    "print(features)\n",
    "model.summary()"
   ]
  },
  {
   "cell_type": "code",
   "execution_count": 6,
   "metadata": {},
   "outputs": [
    {
     "data": {
      "text/plain": [
       "['tech_class4',\n",
       " 'consumption',\n",
       " 'tech_class6',\n",
       " 'BWSENT',\n",
       " 'stock',\n",
       " 'MktRF',\n",
       " 'Industries',\n",
       " 'labor_market',\n",
       " 'CLI',\n",
       " 'HML',\n",
       " 'price',\n",
       " 'housing',\n",
       " 'BWSENTcoth',\n",
       " 'BV',\n",
       " 'CP',\n",
       " 'tech_class5',\n",
       " 'PYD',\n",
       " 'RF']"
      ]
     },
     "execution_count": 6,
     "metadata": {},
     "output_type": "execute_result"
    }
   ],
   "source": [
    "features"
   ]
  },
  {
   "cell_type": "markdown",
   "metadata": {},
   "source": [
    "## Year 2"
   ]
  },
  {
   "cell_type": "code",
   "execution_count": 7,
   "metadata": {},
   "outputs": [
    {
     "data": {
      "text/html": [
       "<table class=\"simpletable\">\n",
       "<caption>OLS Regression Results</caption>\n",
       "<tr>\n",
       "  <th>Dep. Variable:</th>           <td>yr2</td>       <th>  R-squared:         </th> <td>   0.712</td>\n",
       "</tr>\n",
       "<tr>\n",
       "  <th>Model:</th>                   <td>OLS</td>       <th>  Adj. R-squared:    </th> <td>   0.697</td>\n",
       "</tr>\n",
       "<tr>\n",
       "  <th>Method:</th>             <td>Least Squares</td>  <th>  F-statistic:       </th> <td>   46.91</td>\n",
       "</tr>\n",
       "<tr>\n",
       "  <th>Date:</th>             <td>Mon, 17 Dec 2018</td> <th>  Prob (F-statistic):</th> <td>8.22e-81</td>\n",
       "</tr>\n",
       "<tr>\n",
       "  <th>Time:</th>                 <td>10:09:39</td>     <th>  Log-Likelihood:    </th> <td> -549.21</td>\n",
       "</tr>\n",
       "<tr>\n",
       "  <th>No. Observations:</th>      <td>   359</td>      <th>  AIC:               </th> <td>   1134.</td>\n",
       "</tr>\n",
       "<tr>\n",
       "  <th>Df Residuals:</th>          <td>   341</td>      <th>  BIC:               </th> <td>   1204.</td>\n",
       "</tr>\n",
       "<tr>\n",
       "  <th>Df Model:</th>              <td>    18</td>      <th>                     </th>     <td> </td>   \n",
       "</tr>\n",
       "<tr>\n",
       "  <th>Covariance Type:</th>      <td>nonrobust</td>    <th>                     </th>     <td> </td>   \n",
       "</tr>\n",
       "</table>\n",
       "<table class=\"simpletable\">\n",
       "<tr>\n",
       "        <td></td>          <th>coef</th>     <th>std err</th>      <th>t</th>      <th>P>|t|</th>  <th>[0.025</th>    <th>0.975]</th>  \n",
       "</tr>\n",
       "<tr>\n",
       "  <th>CLI</th>          <td>   -0.9289</td> <td>    0.561</td> <td>   -1.656</td> <td> 0.099</td> <td>   -2.032</td> <td>    0.174</td>\n",
       "</tr>\n",
       "<tr>\n",
       "  <th>MktRF</th>        <td>    2.8450</td> <td>    0.833</td> <td>    3.414</td> <td> 0.001</td> <td>    1.206</td> <td>    4.484</td>\n",
       "</tr>\n",
       "<tr>\n",
       "  <th>HML</th>          <td>    1.0712</td> <td>    0.507</td> <td>    2.111</td> <td> 0.035</td> <td>    0.073</td> <td>    2.069</td>\n",
       "</tr>\n",
       "<tr>\n",
       "  <th>RF</th>           <td>   -3.4487</td> <td>    0.614</td> <td>   -5.616</td> <td> 0.000</td> <td>   -4.657</td> <td>   -2.241</td>\n",
       "</tr>\n",
       "<tr>\n",
       "  <th>BWSENTcoth</th>   <td>   -7.0935</td> <td>    1.417</td> <td>   -5.005</td> <td> 0.000</td> <td>   -9.881</td> <td>   -4.306</td>\n",
       "</tr>\n",
       "<tr>\n",
       "  <th>BWSENT</th>       <td>    6.1792</td> <td>    1.262</td> <td>    4.895</td> <td> 0.000</td> <td>    3.696</td> <td>    8.662</td>\n",
       "</tr>\n",
       "<tr>\n",
       "  <th>BV</th>           <td>   -1.1472</td> <td>    0.507</td> <td>   -2.262</td> <td> 0.024</td> <td>   -2.145</td> <td>   -0.150</td>\n",
       "</tr>\n",
       "<tr>\n",
       "  <th>CP</th>           <td>    4.7838</td> <td>    0.686</td> <td>    6.968</td> <td> 0.000</td> <td>    3.434</td> <td>    6.134</td>\n",
       "</tr>\n",
       "<tr>\n",
       "  <th>tech_class4</th>  <td>   -2.6122</td> <td>    0.973</td> <td>   -2.686</td> <td> 0.008</td> <td>   -4.525</td> <td>   -0.699</td>\n",
       "</tr>\n",
       "<tr>\n",
       "  <th>tech_class5</th>  <td>   -2.8542</td> <td>    1.310</td> <td>   -2.179</td> <td> 0.030</td> <td>   -5.430</td> <td>   -0.278</td>\n",
       "</tr>\n",
       "<tr>\n",
       "  <th>tech_class6</th>  <td>    6.7756</td> <td>    0.983</td> <td>    6.892</td> <td> 0.000</td> <td>    4.842</td> <td>    8.709</td>\n",
       "</tr>\n",
       "<tr>\n",
       "  <th>labor_market</th> <td>   -0.9706</td> <td>    0.505</td> <td>   -1.923</td> <td> 0.055</td> <td>   -1.963</td> <td>    0.022</td>\n",
       "</tr>\n",
       "<tr>\n",
       "  <th>housing</th>      <td>   -3.2120</td> <td>    0.576</td> <td>   -5.581</td> <td> 0.000</td> <td>   -4.344</td> <td>   -2.080</td>\n",
       "</tr>\n",
       "<tr>\n",
       "  <th>consumption</th>  <td>   -1.7086</td> <td>    0.535</td> <td>   -3.193</td> <td> 0.002</td> <td>   -2.761</td> <td>   -0.656</td>\n",
       "</tr>\n",
       "<tr>\n",
       "  <th>price</th>        <td>    3.9635</td> <td>    0.400</td> <td>    9.898</td> <td> 0.000</td> <td>    3.176</td> <td>    4.751</td>\n",
       "</tr>\n",
       "<tr>\n",
       "  <th>stock</th>        <td>   -3.5906</td> <td>    0.842</td> <td>   -4.266</td> <td> 0.000</td> <td>   -5.246</td> <td>   -1.935</td>\n",
       "</tr>\n",
       "<tr>\n",
       "  <th>PYD</th>          <td>   -1.3601</td> <td>    0.764</td> <td>   -1.781</td> <td> 0.076</td> <td>   -2.862</td> <td>    0.142</td>\n",
       "</tr>\n",
       "<tr>\n",
       "  <th>Industries</th>   <td>    3.2748</td> <td>    1.240</td> <td>    2.641</td> <td> 0.009</td> <td>    0.836</td> <td>    5.714</td>\n",
       "</tr>\n",
       "</table>\n",
       "<table class=\"simpletable\">\n",
       "<tr>\n",
       "  <th>Omnibus:</th>       <td> 1.019</td> <th>  Durbin-Watson:     </th> <td>   0.603</td>\n",
       "</tr>\n",
       "<tr>\n",
       "  <th>Prob(Omnibus):</th> <td> 0.601</td> <th>  Jarque-Bera (JB):  </th> <td>   0.844</td>\n",
       "</tr>\n",
       "<tr>\n",
       "  <th>Skew:</th>          <td> 0.111</td> <th>  Prob(JB):          </th> <td>   0.656</td>\n",
       "</tr>\n",
       "<tr>\n",
       "  <th>Kurtosis:</th>      <td> 3.083</td> <th>  Cond. No.          </th> <td>    57.4</td>\n",
       "</tr>\n",
       "</table><br/><br/>Warnings:<br/>[1] Standard Errors assume that the covariance matrix of the errors is correctly specified."
      ],
      "text/plain": [
       "<class 'statsmodels.iolib.summary.Summary'>\n",
       "\"\"\"\n",
       "                            OLS Regression Results                            \n",
       "==============================================================================\n",
       "Dep. Variable:                    yr2   R-squared:                       0.712\n",
       "Model:                            OLS   Adj. R-squared:                  0.697\n",
       "Method:                 Least Squares   F-statistic:                     46.91\n",
       "Date:                Mon, 17 Dec 2018   Prob (F-statistic):           8.22e-81\n",
       "Time:                        10:09:39   Log-Likelihood:                -549.21\n",
       "No. Observations:                 359   AIC:                             1134.\n",
       "Df Residuals:                     341   BIC:                             1204.\n",
       "Df Model:                          18                                         \n",
       "Covariance Type:            nonrobust                                         \n",
       "================================================================================\n",
       "                   coef    std err          t      P>|t|      [0.025      0.975]\n",
       "--------------------------------------------------------------------------------\n",
       "CLI             -0.9289      0.561     -1.656      0.099      -2.032       0.174\n",
       "MktRF            2.8450      0.833      3.414      0.001       1.206       4.484\n",
       "HML              1.0712      0.507      2.111      0.035       0.073       2.069\n",
       "RF              -3.4487      0.614     -5.616      0.000      -4.657      -2.241\n",
       "BWSENTcoth      -7.0935      1.417     -5.005      0.000      -9.881      -4.306\n",
       "BWSENT           6.1792      1.262      4.895      0.000       3.696       8.662\n",
       "BV              -1.1472      0.507     -2.262      0.024      -2.145      -0.150\n",
       "CP               4.7838      0.686      6.968      0.000       3.434       6.134\n",
       "tech_class4     -2.6122      0.973     -2.686      0.008      -4.525      -0.699\n",
       "tech_class5     -2.8542      1.310     -2.179      0.030      -5.430      -0.278\n",
       "tech_class6      6.7756      0.983      6.892      0.000       4.842       8.709\n",
       "labor_market    -0.9706      0.505     -1.923      0.055      -1.963       0.022\n",
       "housing         -3.2120      0.576     -5.581      0.000      -4.344      -2.080\n",
       "consumption     -1.7086      0.535     -3.193      0.002      -2.761      -0.656\n",
       "price            3.9635      0.400      9.898      0.000       3.176       4.751\n",
       "stock           -3.5906      0.842     -4.266      0.000      -5.246      -1.935\n",
       "PYD             -1.3601      0.764     -1.781      0.076      -2.862       0.142\n",
       "Industries       3.2748      1.240      2.641      0.009       0.836       5.714\n",
       "==============================================================================\n",
       "Omnibus:                        1.019   Durbin-Watson:                   0.603\n",
       "Prob(Omnibus):                  0.601   Jarque-Bera (JB):                0.844\n",
       "Skew:                           0.111   Prob(JB):                        0.656\n",
       "Kurtosis:                       3.083   Cond. No.                         57.4\n",
       "==============================================================================\n",
       "\n",
       "Warnings:\n",
       "[1] Standard Errors assume that the covariance matrix of the errors is correctly specified.\n",
       "\"\"\""
      ]
     },
     "execution_count": 7,
     "metadata": {},
     "output_type": "execute_result"
    }
   ],
   "source": [
    "Factor = pd.concat([dfFactor, pcaFactor], axis=1)\n",
    "Factor_normal, _ = minmaxscaler_for_train(Factor)\n",
    "\n",
    "Y = LogExcessReturn['yr2']\n",
    "\n",
    "name = [\n",
    "        'CLI', \n",
    "        'MktRF','HML', 'RF', \n",
    "        'BWSENTcoth', 'BWSENT', \n",
    "        'BV',\n",
    "        'CP', \n",
    "        'tech_class4', 'tech_class5', 'tech_class6',\n",
    "        'labor_market', 'housing', 'consumption', 'price','stock', \n",
    "        'PYD','Industries'\n",
    "       ]\n",
    "model = sm.OLS(Y, Factor_normal[name].loc[Y.index])\n",
    "result = model.fit().summary()\n",
    "result"
   ]
  },
  {
   "cell_type": "markdown",
   "metadata": {},
   "source": [
    "## Year 3"
   ]
  },
  {
   "cell_type": "code",
   "execution_count": 8,
   "metadata": {},
   "outputs": [
    {
     "data": {
      "text/html": [
       "<table class=\"simpletable\">\n",
       "<caption>OLS Regression Results</caption>\n",
       "<tr>\n",
       "  <th>Dep. Variable:</th>           <td>yr3</td>       <th>  R-squared:         </th> <td>   0.687</td>\n",
       "</tr>\n",
       "<tr>\n",
       "  <th>Model:</th>                   <td>OLS</td>       <th>  Adj. R-squared:    </th> <td>   0.671</td>\n",
       "</tr>\n",
       "<tr>\n",
       "  <th>Method:</th>             <td>Least Squares</td>  <th>  F-statistic:       </th> <td>   41.61</td>\n",
       "</tr>\n",
       "<tr>\n",
       "  <th>Date:</th>             <td>Mon, 17 Dec 2018</td> <th>  Prob (F-statistic):</th> <td>9.97e-75</td>\n",
       "</tr>\n",
       "<tr>\n",
       "  <th>Time:</th>                 <td>10:09:39</td>     <th>  Log-Likelihood:    </th> <td> -788.29</td>\n",
       "</tr>\n",
       "<tr>\n",
       "  <th>No. Observations:</th>      <td>   359</td>      <th>  AIC:               </th> <td>   1613.</td>\n",
       "</tr>\n",
       "<tr>\n",
       "  <th>Df Residuals:</th>          <td>   341</td>      <th>  BIC:               </th> <td>   1682.</td>\n",
       "</tr>\n",
       "<tr>\n",
       "  <th>Df Model:</th>              <td>    18</td>      <th>                     </th>     <td> </td>   \n",
       "</tr>\n",
       "<tr>\n",
       "  <th>Covariance Type:</th>      <td>nonrobust</td>    <th>                     </th>     <td> </td>   \n",
       "</tr>\n",
       "</table>\n",
       "<table class=\"simpletable\">\n",
       "<tr>\n",
       "        <td></td>          <th>coef</th>     <th>std err</th>      <th>t</th>      <th>P>|t|</th>  <th>[0.025</th>    <th>0.975]</th>  \n",
       "</tr>\n",
       "<tr>\n",
       "  <th>CLI</th>          <td>   -2.0654</td> <td>    1.092</td> <td>   -1.892</td> <td> 0.059</td> <td>   -4.213</td> <td>    0.082</td>\n",
       "</tr>\n",
       "<tr>\n",
       "  <th>MktRF</th>        <td>    7.0289</td> <td>    1.622</td> <td>    4.334</td> <td> 0.000</td> <td>    3.839</td> <td>   10.219</td>\n",
       "</tr>\n",
       "<tr>\n",
       "  <th>HML</th>          <td>    2.6053</td> <td>    0.987</td> <td>    2.639</td> <td> 0.009</td> <td>    0.663</td> <td>    4.547</td>\n",
       "</tr>\n",
       "<tr>\n",
       "  <th>RF</th>           <td>   -7.0944</td> <td>    1.195</td> <td>   -5.935</td> <td> 0.000</td> <td>   -9.445</td> <td>   -4.743</td>\n",
       "</tr>\n",
       "<tr>\n",
       "  <th>BWSENTcoth</th>   <td>  -13.7042</td> <td>    2.758</td> <td>   -4.968</td> <td> 0.000</td> <td>  -19.130</td> <td>   -8.279</td>\n",
       "</tr>\n",
       "<tr>\n",
       "  <th>BWSENT</th>       <td>   11.6038</td> <td>    2.457</td> <td>    4.723</td> <td> 0.000</td> <td>    6.771</td> <td>   16.437</td>\n",
       "</tr>\n",
       "<tr>\n",
       "  <th>BV</th>           <td>   -2.5200</td> <td>    0.987</td> <td>   -2.553</td> <td> 0.011</td> <td>   -4.461</td> <td>   -0.579</td>\n",
       "</tr>\n",
       "<tr>\n",
       "  <th>CP</th>           <td>    6.8759</td> <td>    1.336</td> <td>    5.146</td> <td> 0.000</td> <td>    4.248</td> <td>    9.504</td>\n",
       "</tr>\n",
       "<tr>\n",
       "  <th>tech_class4</th>  <td>   -5.5017</td> <td>    1.893</td> <td>   -2.906</td> <td> 0.004</td> <td>   -9.225</td> <td>   -1.778</td>\n",
       "</tr>\n",
       "<tr>\n",
       "  <th>tech_class5</th>  <td>   -4.9026</td> <td>    2.549</td> <td>   -1.923</td> <td> 0.055</td> <td>   -9.916</td> <td>    0.111</td>\n",
       "</tr>\n",
       "<tr>\n",
       "  <th>tech_class6</th>  <td>   13.2432</td> <td>    1.914</td> <td>    6.921</td> <td> 0.000</td> <td>    9.479</td> <td>   17.007</td>\n",
       "</tr>\n",
       "<tr>\n",
       "  <th>labor_market</th> <td>   -1.7518</td> <td>    0.982</td> <td>   -1.783</td> <td> 0.075</td> <td>   -3.684</td> <td>    0.181</td>\n",
       "</tr>\n",
       "<tr>\n",
       "  <th>housing</th>      <td>   -6.9248</td> <td>    1.120</td> <td>   -6.182</td> <td> 0.000</td> <td>   -9.128</td> <td>   -4.721</td>\n",
       "</tr>\n",
       "<tr>\n",
       "  <th>consumption</th>  <td>   -3.7536</td> <td>    1.042</td> <td>   -3.604</td> <td> 0.000</td> <td>   -5.802</td> <td>   -1.705</td>\n",
       "</tr>\n",
       "<tr>\n",
       "  <th>price</th>        <td>    7.8226</td> <td>    0.779</td> <td>   10.037</td> <td> 0.000</td> <td>    6.290</td> <td>    9.356</td>\n",
       "</tr>\n",
       "<tr>\n",
       "  <th>stock</th>        <td>   -6.4847</td> <td>    1.638</td> <td>   -3.958</td> <td> 0.000</td> <td>   -9.707</td> <td>   -3.262</td>\n",
       "</tr>\n",
       "<tr>\n",
       "  <th>PYD</th>          <td>   -2.7215</td> <td>    1.487</td> <td>   -1.831</td> <td> 0.068</td> <td>   -5.645</td> <td>    0.202</td>\n",
       "</tr>\n",
       "<tr>\n",
       "  <th>Industries</th>   <td>    7.9246</td> <td>    2.413</td> <td>    3.284</td> <td> 0.001</td> <td>    3.178</td> <td>   12.671</td>\n",
       "</tr>\n",
       "</table>\n",
       "<table class=\"simpletable\">\n",
       "<tr>\n",
       "  <th>Omnibus:</th>       <td> 1.573</td> <th>  Durbin-Watson:     </th> <td>   0.561</td>\n",
       "</tr>\n",
       "<tr>\n",
       "  <th>Prob(Omnibus):</th> <td> 0.455</td> <th>  Jarque-Bera (JB):  </th> <td>   1.630</td>\n",
       "</tr>\n",
       "<tr>\n",
       "  <th>Skew:</th>          <td> 0.119</td> <th>  Prob(JB):          </th> <td>   0.443</td>\n",
       "</tr>\n",
       "<tr>\n",
       "  <th>Kurtosis:</th>      <td> 2.771</td> <th>  Cond. No.          </th> <td>    57.4</td>\n",
       "</tr>\n",
       "</table><br/><br/>Warnings:<br/>[1] Standard Errors assume that the covariance matrix of the errors is correctly specified."
      ],
      "text/plain": [
       "<class 'statsmodels.iolib.summary.Summary'>\n",
       "\"\"\"\n",
       "                            OLS Regression Results                            \n",
       "==============================================================================\n",
       "Dep. Variable:                    yr3   R-squared:                       0.687\n",
       "Model:                            OLS   Adj. R-squared:                  0.671\n",
       "Method:                 Least Squares   F-statistic:                     41.61\n",
       "Date:                Mon, 17 Dec 2018   Prob (F-statistic):           9.97e-75\n",
       "Time:                        10:09:39   Log-Likelihood:                -788.29\n",
       "No. Observations:                 359   AIC:                             1613.\n",
       "Df Residuals:                     341   BIC:                             1682.\n",
       "Df Model:                          18                                         \n",
       "Covariance Type:            nonrobust                                         \n",
       "================================================================================\n",
       "                   coef    std err          t      P>|t|      [0.025      0.975]\n",
       "--------------------------------------------------------------------------------\n",
       "CLI             -2.0654      1.092     -1.892      0.059      -4.213       0.082\n",
       "MktRF            7.0289      1.622      4.334      0.000       3.839      10.219\n",
       "HML              2.6053      0.987      2.639      0.009       0.663       4.547\n",
       "RF              -7.0944      1.195     -5.935      0.000      -9.445      -4.743\n",
       "BWSENTcoth     -13.7042      2.758     -4.968      0.000     -19.130      -8.279\n",
